dt: 5e-05
Nt: 2000000
N_output: 10000
dx: 0.5
Nx: 512
initial_amp: 0
STEP,ENERGY
1,128.885
10000,6.42668
20000,5.86972
30000,5.69302
40000,5.62568
50000,5.60835
60000,5.62055
70000,5.65359
80000,5.70347
90000,5.76836
100000,5.84763
110000,5.94137
120000,6.05018
130000,6.17505
140000,6.31729
150000,6.47855
160000,6.66079
170000,6.86633
180000,7.09783
190000,7.3584
200000,7.65159
210000,7.9815
220000,8.35282
230000,8.77096
240000,9.24212
250000,9.77341
260000,10.373
270000,11.0504
280000,11.8164
290000,12.6834
300000,13.666
310000,14.7806
320000,16.0465
330000,17.4856

dt: 0.0005
Nt: 2000000
N_output: 10000
dx: 0.5
Nx: 512
initial_amp: 0
STEP | ENERGY | cu^3 | bu^2 | au | -grad^2 | L^2
1 110.291 ||  0.093011 -1.24015 5.58102 -1.21684 107.074
10000 5.8494 ||  0.0966141 -1.27631 6.02819 -0.78813 1.78903
20000 7.65274 ||  0.103078 -1.20466 6.62011 -1.8089 3.94312
30000 13.6675 ||  0.159325 -1.06125 8.59726 -5.0104 10.9825
40000 35.1301 ||  0.834372 -1.91101 16.1011 -16.7411 36.8467
50000 117.368 ||  12.8676 -19.8702 47.8489 -64.1097 140.632
60000 391.264 ||  154.213 -166.662 155.244 -215.037 463.506
70000 869.74 ||  537.7 -488.323 321.721 -444.831 943.472
80000 1317.78 ||  908.256 -783.622 466.121 -650.216 1377.24
90000 1711.03 ||  1222.32 -1034.02 588.904 -830.057 1763.89
100000 2074.27 ||  1505.3 -1261.37 700.524 -996.26 2126.07
110000 2410.61 ||  1759.98 -1467.97 803.047 -1150.77 2466.33
120000 2720.9 ||  1991.77 -1655.48 896.633 -1292.85 2780.83
130000 3009.06 ||  2208.62 -1829.38 982.567 -1423.62 3070.88
140000 3275.56 ||  2409.83 -1990.94 1061.69 -1544.24 3339.23
150000 3517.28 ||  2590.72 -2137.12 1133.43 -1653.97 3584.22
160000 3732.91 ||  2751.63 -2266.97 1197.25 -1751.77 3802.76
170000 3923.64 ||  2895.78 -2382.39 1253.41 -1837.72 3994.56
180000 4089.77 ||  3023.42 -2484.22 1302.24 -1912.25 4160.57
220000 4485.01 ||  3346.12 -2739.18 1418.34 -2087.35 4547.07
230000 4499.01 ||  3366.16 -2753.82 1423.18 -2092.8 4556.29
240000 4497.59 ||  3370.83 -2757.31 1424.35 -2092.78 4552.5
250000 4494.37 ||  3373 -2758.98 1424.96 -2092.11 4547.49
260000 4491.14 ||  3374.75 -2760.33 1425.48 -2091.42 4542.67
270000 4488.07 ||  3376.36 -2761.58 1425.95 -2090.75 4538.1
280000 4485.15 ||  3377.88 -2762.76 1426.39 -2090.12 4533.76
290000 4482.36 ||  3379.32 -2763.88 1426.81 -2089.52 4529.62
300000 4479.67 ||  3380.7 -2764.95 1427.21 -2088.93 4525.65
310000 4477.08 ||  3382.01 -2765.97 1427.59 -2088.37 4521.82
320000 4474.58 ||  3383.27 -2766.95 1427.95 -2087.82 4518.12
330000 4472.14 ||  3384.47 -2767.88 1428.29 -2087.28 4514.54
340000 4469.76 ||  3385.62 -2768.78 1428.62 -2086.75 4511.05
350000 4467.44 ||  3386.73 -2769.64 1428.93 -2086.23 4507.64
360000 4465.15 ||  3387.8 -2770.47 1429.23 -2085.71 4504.3
370000 4462.89 ||  3388.82 -2771.27 1429.52 -2085.19 4501.01
380000 4460.64 ||  3389.81 -2772.04 1429.79 -2084.67 4497.75
390000 4458.39 ||  3390.77 -2772.78 1430.05 -2084.15 4494.49
400000 4456.11 ||  3391.7 -2773.49 1430.31 -2083.61 4491.21
